287369342226792448
585489187533357205
235148962103951360
302050872383242240
294882584201003009
720351927581278219
491769129318088714
557628352828014614
719796852693794889
432866435291676672
550646579980140546
357052164725669890
632565916722397184
322951500873859083
283216968004272138
417834242634940420
283786180267606016
474464181156970506
514256523321409547
327684569337692160
568729796369055755
305136014026866700
204506102186901504
308206358614769674
389342129190600706
510154854262505473
297934994813353984
385951156251131907
625432332299665446
416792581012324354
386031079632404480
348041174852042753
366752356454367233
747825724236496917
245876505907822593
463984303382986753
431080833894318080
383598364241166336
554562348162220043
554170256306864148
414610416245669899
588204309309816833
431685886061707276
316946982994444288
718819500761546783
389363392135299077
553093704676802561
267575632043442176
526643236538941470
897004955121094747
609069120373391361
218210569868541952
287190146305097728
452644441006669824
420897757348233228
233529733080416256
396903033327583235
430531631917301768
735824950262235153
288246081253539840
302974578249170946
417514868908883980
599462174116675585
530267906831810592
562823349789655040
465214930266751006
437221964642516992
412226494597955587
458651493361254420
541097172977057793
463752944819503166
526600632476499968
491566939739521025
285299877406179328
536413628686008320
263563391468044288
382161190022938634
318429485211058186
363642013763108864
337120024752029696
250256122399817728
218393936777969666
546656558147174401
518469933122715648
252418310531055616
900251376909701130
739656162701738015
411402650727350281
338251338699767809
883366616635703377
298639327255199744
338694707745914882
467957629981818900
614481918485987366
445484658516557835
324858746025279489
229064939187208192
693100849181753364
460603763170869269
600981652528955392
426297773957185546
657251649026261023
418065330016092170
510968499066241035
382196830785765387
402461774579892225
424655410386042880
360820481894645761
303660434798411779
422231424582680586
437596100958879745
451790349346537484
311471510437232641
360764153620856833
357243479841308683
449360739174580237
549959746086633523
392495788045107201
310749025676558336
313084885260566528
476296049162584075
316908461872906242
577452694587834378
229158026131537921
222678182883622912
436520655710584832
902245537800138762
857220951175331841
149156537577897984
889834982665752596
399557458781143041
449480445332291586
497997708020154368
680539621867782188
554891850910007307
368739147009097728
193680545992015872
565207327867666453
472061624082104331
526327470786609175
905696319505580082
580005567737757721
321305520457777152
549577382802227236
454669111079862272
302781175934615552
504606051367256065
624130459336572948
338979307651072010
460143311534030858
249804296458076160
348160445137420289
900522709337927690
387503250800115713
496048668248637451
327117914773782538
452476381532520458
348103396143661058
358262662729302016
272695593904898050
553867202844164109
368799313918164994
272190798072905729
323687423055888384
241861020614787072
537661992052195348
882216606569218078
702143243961499658
902243869792567346
610466014286708736
361838899271565313
488638072972640258
397999170356641813
309257700527570945
468789305238880256
264796672796655617
432139281381851138
433172978151194624
499191579567718403
559771576292212746
534074165712519169
349520793157238794
464800334498496512
887818043273666580
515471770732593154
346384989635608576
540931144439300137
290209869699612674
718079624633909320
444770195060555777
647452014871314487
631470164902281216
403486787424747520
319197643160944660
246830774492332033
226670341659820052
320606171876687872
431804809633464320
392563033806864384
442347645361455104
421953817853034497
899807877831729232
227723923456917505
539204147124109326
428518448432414731
418559874704867328
258216753782325248
485449051014168587
468698824794439680
362579713241251843
417901788449210368
391950297930399744
236415059549618177
903623341120823366
539045872969711629
900621999049691136
238318337988362240
324209017402425344
255928050431033354
236873724303769600
779678398162141184
551296292534616077
432202760360951818
372276470497935360
363619312344367106
324914482709004298
555777771159158802
329594949354127372
852025884943843328
689237927867187280
554959141542821899
878637515945422849
417257227628314625
134179542930685952
254079564416942080
331378533194792961
388319074817409028
267280340672839680
383849945180012544
508964041532637195
456675912021311499
331003998976999427
213604072736030722
270904126974590976
903701790132940910
328895302251839491
377100343030579203
508884612823646216
142270712101601281
279263573241233408
633983889282433024
502118128298360854
736624173551583353
451917844033044493
388142878603476993
727176563711541340
373056745741877248
635776731902509067
506767154670993409
608150476403507251
379239101355917312
597038415846047744
507854074742439938
425630515085967360
248432249840730113
408569769458139137
213924822068101120
298031067489763328
385752473354240010
371278058596073482
329248108523290625
638347303534460930
710003408257548300
308223505428774943
414251480346787840
407338934700474404
445503430216384512
400287155676512256
444133714377703425
371615668585496578
598793547931582464
433973840532602881
271255363347677184
652166043837530124
423779989578711050
389048667224539146
738735609493061663
391814555774353424
558327009454063627
389537731203563550
380377010654150656
155149108183695360
524713084170928138
512332339578273832
554713788901883915
425956479594397706
601291234648260629
411883920376725504
314014104954208256
370573633350795284
185966774859202560
465826685820862466
394203426730541077
387620399191687179
382788316954755082
363570270721540096
320406122873749514
331069522926764035
481130765443137537
302457860196139018
694604658773327973
325160675829874689
474903877326733312
281353711689793536
732687081951723553
584795736831426571
331375124303314944
722735796020445184
744994271026872400
241518277195595776
391443435405443072
702898183994474586
453433758163664926
395084341710946308
389058555271184395
739681983399067688
306676554891526144
388919987844153356
713224281760202813
329943909620908034
358632248611831808
376644779288821760
413671302776225792
410772480341311493
459362720257409024
508198100301512704
591261137459216414
678926859450187785
682271990605807649
338604228131946500
446734593530527755
560805686892560405
195933661990879232
881517101146316841
516218192906027008
590551569527996466
378602973552574464
310429853474226176
903853813868408863
269096175435644928
175835372700434434
465121300596129792
256389432842780673
429567303126876172
327111631266119680
295630141906747402
290863301829853184
580065160002011136
697221796654481490
227365162057728000
379554509472399360
413567106202992643
355020384250363928
406843166633754636
392944493420216324
159939454285381632
265384192936902666
233960580317315072
317171854001438722
755415982658551849
256283457725005826
348115907446308868
301345872162324480
378276269546274817
210136870133170176
276285846439854080
210388586736910336
496369716235993099
434188732711698435
693071776007192616
535094718250352650
354447752312127491
693044859790950460
274712128202735616
229483507791953921
333101419026710529
251186042558873610
580468323494526986
251741819124056064
252972504316903424
239335420372975616
234395307759108106
395218070249144321
268777990085804043
210257944661590017
312460240975167489
372021956700274689
692006646314041445
197303926326820864
697816247433297971
344861447655784449
254143851273519104
659279037637591064
405252044731973633
533986974130896906
687337083110424586
335392270956101632
721347736552865864
415063336095318019
336791780014161920
364348083384877056
444383473109696512
301729041160077312
553024857684574228
676740045176307723
269769320488239125
606435022072840202
674911146758897664
449502876415295498
547542650035634176
749098536099905576
513366004588347405
896995964718579712
302084160103907329
408445522714689546
213255981377912835
569701869429981212
415491987777519618
305527556570873857
309146081747402762
386755141463834624
487884601491062785
379871841008746496
329563281792696322
312967340079972353
429822585379749888
287587107197943810
437952165546426398
407884170493427712
270001745675943936
300996810636525568
344122409558736897
441194599906672646
771988957919051797
403779157487517697
281092029834854400
518292487807303681
394891465928605707
884378894822703145
391408478012309507
401801751772004352
490411667037880320
153166961830789121
432339577022447647
421092277138489354
662671241383247884
404290937515409420
880668940009889835
369026218990764033
228870021135335424
435706452816953346
273355192748081152
303065038401437696
540892677768740880
628021248420610068
385097042155798529
441228755579699200
271933337180831745
464115942599688202
536925358843363328
701266420146765875
535860214503833610
568799110979780618
577111525219893249
232470145925251072
405008617499131904
518602556956737539
900057309101850685
282351751703560194
362397112182505472
386737972273479680
339817206395306004
219309878315974657
302477220402954240
371164644670308363
391074712605818881
618033963872813058
473179126505668628
699474360146329632
900767934488666162
265410918941196288
389791340457623562
453365033804759040
552927448816287745
730736227174711316
572717099156242432
544161243317927936
250175777549582336
307801786909982721
424398038086320164
355330437960433665
440828309899706380
169849824659767296
188604109983580161
447411230098063362
429196471330537472
316157488980295681
334014367286951950
900770017484869653
407843049645932545
465702330906705951
519065052872048643
461164989269540865
525346051821928448
395798936817893377
594121368992350228
517257648203235338
435649601064927234
184292121086263296
290861180468199435
741104722202722405
631819473757798401
576746643655753739
296084402927173635
593084395812814849
425714998061432833
641305272928960532
228526761149857793
862665045007138836
594822919306215436
875195863188787280
292184773881888769
187459770825834496
515883936698859573
390784973516308484
873089230417592351
358797476037394432
371165057515651073
601102869638414363
332555066877804545
536821825254981644
562313679366914088
894060036303757364
529295798035546133
590710417601593346
715474854228262922
259870135026843656
521538786736472076
542609671760904192
465392665014566922
900618673293754390
429610054971424770
411398947702308864
384381550457782273
163480707891593216
394310885750865921
573640095480152069
308863181734936577
207765111195041792
335435293031399426
333714163580796928
331339424791134208
467633900659802123
551596043243094016
288842352179544064
558501120075366401
417631454961336335
369813753627148299
363625652940963840
693466923316412517
598874945585545226
894285209313378354
436484817715068938
900620214406885417
901670067257872435
496311116524421151
338540594458656768
314366793319972865
707684123480948903
687059244339822612
537611109205671937
379987880594112522
307494061177176064
366505410884009984
373633090125430796
237509513823911938
393396616977186830
734600390548652072
409321373761273857
217069799203799040
386776043647795201
215861768008892417
391915598516584458
456512104959180850
268354453453668352
162942901939077120
899157942752907305
690907219839025163
580404998647709699
351003237152980992
216277961974743041
514784915213254665
478440747314446337
614994392444436570
627902259891666976
272628180190494721
514418222271954949
159985870458322944
300172027028045824
709771985156046889
388305203130007552
131053546555572225
188025484611813377
397911703297458190
390122085336350720
756282330238287965
202850628106584065
439476038473613322
587830456813355009
623476241554604043
873395872656945223
365830467607461890
705803215945596958
343244903108837376
902543327927361578
273777648226926592
553908563769032724
336020984999968770
277424300506480640
451801085255090196
703872137609609297
292692426173186048
897008810194010123
517607739300511744
441960419272163341
186463391877955584
352819142262521867
694478584471093249
414382852650565643
222537541830705153
589514598294487116
428160759726473216
414788887953670154
535814471386398730
456340115795738645
463522383605792789
728514033984077915
399124730478854145
365142821830787073
580708654198816789
346974726695944193
666888335121186819
340145372276064256
303380008951480320
228512962220916736
244782954792878090
533512938905010200
591555432238022656
534421308109226004
143711810204336128
733119039970345020
422272422239272961
284615845043240960
302981370341228556
691614547932479498
427312999410171905
290821068296552448
523555582280728576
408059162975797250
318807933267738644
462814626694823966
208040003966599179
724778455698505838
502719657480945664
349180587585699841
411741670221283329
320574048176308224
285360850146033675
340070468566515714
267577153233616896
451046369818443797
503881883051098112
892209642678153216
903196155863789588
443403457953792011
252808380090023936
692680080295723069
297342065015259136
478800201906389009
904565841213943808
325991415446372353
501386924678971392
438954500812963851
526315481234407425
894661487019307080
531984221791715328
303089527637934100
747347637677850754
527636983485562911
317337512890728458
661050692286414848
374010328415207424
572040860762505226
278215993405341708
683016840116568094
410134539684544512
450488405248311299
650736066621603843
414835264620462092
294449344160071680
656327681117257728
113556277870727168
358278159461777410
395205081156288515
526745916724609074
510231698504548362
500274338575155200
505628528679714836
694909657864601622
811596437200306187
459369783691968513
711688658553405462
253031529616375809
202763478484779008
754938173267640351
453776555764875296
266054877539598337
332862912429555712
354257823061901322
415844110901968896
319854940724133898
370983837779623936
364754525841653760
489828357194907661
403192854945595392
315456170129096714
589471746311192576
416910233944981507
165512463771500545
562463630814085123
730249761889714278
200930549492219905
898468875740512286
376255634515165184
421280292033134593
407129444168237067
636979443763642389
717985305394675793
243796774764937216
593658701529874433
718706732603408427
445230457437552651
279415370136158210
473828003789406209
895591211526656020
427808647721254913
488957698273181717
404091102161928192
282169934421950465
331676171395792896
518431253746286602
728939811825778748
290771996869132288
690473606110773268
277303172005888001
243702954119528448
473174833551900682
696250878675386379
731697762751610880
351887709024944130
654702268230402051
647411760453779476
439871479606149120
281247003630108685
595218501606572037
264040985166741504
509718631026917392
425979950269726730
258115204284416000
233544350133387264
373766260275675137
462610025647570955
307189777051156481
311193757011673088
612287250570674216
404866052317511680
428927920392896513
331814840844681216
483269466365493248
771001165097074718
328723294155046922
221533071717957633
295920557059211265
461140590705246209
269177947359805442
321646344127250435
707442224446570558
336482187434000396
412264794947715083
315126728949366786
320861740608913409
327158737641144321
369835553694154764
413367694927331354
371878608320593931
594896066982314000
397025077448802305
438661761814495232
656594443213996052
425635426213167125
219311679715016714
275101415968473098
346970256180379649
356357938928943104
304876011462459392
338205768140455936
530680748357713920
814058244145807371
503388677590876170
409458718413946891
533736928881672220
441775724526043176
426341610121592832
404512625133617164
410677647308226560
302614865472782337
335383154162401280
695546001309827115
898284568921112627
702033879527063552
736062324821196861
448849349800099860
721724055329308742
229445369128419328
325489578154786818
299175179853234176
310004113863606273
529202114388557843
376746057788293120
590829821714759680
518466713205997582
340090259750780928
719588278126247986
330429187280207872
582537632991543307
719819999954468903
667718208140083201
764104784890298388
531491843326607360
475994654521688067
317269300333248512
300329139745980427
573025289161015296
326049281783889920
308633186655797250
572243629456883763
637355059105234986
477687301405802496
541519487120310272
289722773423521793
691509132540379207
488312371010600960
401354758985744384
522013930537746468
757329307323465811
461066415399501824
824746700974325760
319420057857949729
672426171631140864
448772875621629953
277039594749427712
462630701293109248
199480828097462272
630760942560346124
521378971598716928
437090356270727188
426046198538043394
763614784540901377
496252887857364993
407521732082139137
300135959670947850
293658564067721216
420268853524955137
746297205278638091
310687791401009162
466498931740901376
437447428799594496
554988321311555593
348276307022446593
425183484382937099
410514656650723329
825601638642352130
153506821938741248
141519789117014016
343072583928905729
427261912489656322
427307223254040576
439662168376344576
257166153447768064
613674066947080194
187525121660026880
642363073667137536
398310716895133697
258562004615299072
242223520908574722
394847384213127178
516990275676143617
396197306791100416
463176773450989569
228571229030711298
231046936910626817
664047314574245888
251756169930997781
286790223126462466
354263102218305546
320238495224561666
516257399565451267
572302015250563073
263849621065957377
687232556927549445
224800486547652608
556761343546359809
548496788223688704
330725483987599376
321005439003262977
365457608590491649
341085231677177856
367022897216225311
555367600071376907
331455551743590400
253191894757015563
795882596952834048
337534723465150474
805296104366407750
311166870348627978
446953124574396419
747322768541876234
254823832060297217
802316207118090271
271453956474011650
343490612760150016
900059626953928725
557767076442406934
524789309623238680
412810616584011777
388381357203652609
565512445829971978
175014612327071744
303491140383014912
438720656872570881
522035281856036877
665102237789454346
347685059869933568
635160944934125588
362226740258406411
488194870175989781
338542221231915008
469792731988885505
418512441375195137
277336488717451264
342979858114019339
330705579754389504
438874674118787073
253524796615163904
546693691096432651
292953664492929025
348332688610033666
319830072783667202
251684801633976320
467731605004484608
723804900106174494
368498374736871445
888170344500842528
408069223097565194
313666441876602883
249159781774786561
384014587026079744
324417972271579157
435724247776886785
90629339426603008
464066518653730826
449956705820868609
286741384528920578
461570944834732049
448651666275958784
587845072523886602
791120822685270047
387181574250168327
348084077519437825
273355319214866433
498878662892847124
334537365060190219
392167777349271552
256933099990941696
730636481902805043
204963263157501952
324220637822582796
748376843618484275
298360149343731712
392502360032935936
280394754737569793
752876967350763631
367503580179202048
442593988558585857
441274162162434068
511143037762535434
349577001050439682
361844347114618882
351181869259423747
405423453903126529
611867370541154316
456841723734130711
608888156778922005
334577884801007617
746961148653469847
674150862762934277
640062470647578643
315519729471193088
226917434886455296
730766524373270539
237092058848821259
257488826660814849
708193585316626454
475189019299545089
595827350231318538
641557904410935296
895187801446957096
410794012040232961
211646581416394752
400771649114341378
441265360012967966
690558552330338324
570612316400386073
377133067799756800
416358583220043796
360063897476005909
234690841233326080
587930897014194186
392190460283715596
292852518956957698
177584272977166336
343001701667700737
144736818741510144
642286070511304716
305024935435173900
870466642142978118
614104205057327114
204255221017214977
260733185376256000
527408257581580288
725532855324770374
403515708643868672
335473056594133003
445934090500440064
362610490959986698
265907687353483264
355297555258671106
262776174562770944
731146352830185572
440103271496155137
469553105093132290
365516567808704512
285368465034838026
508459437829390336
488724086009233418
422172566602645534
710788415750406184
204758053289984001
442328478826758155
602215430815481862
395175463116472320
427794770530664449
256714001264672768
297751512719818752
426384414038163456
429942928912285705
602349476677419019
317160397281034250
421566534021021717
271148031640862721
418401296018571264
286050667905417216
576521981323640871
553956954708508727
113041467391361024
252701019128070144
245127212498550784
213648257627324416
263976499965591554
191269520520904705
382928200663171073
369919806314643456
396646270300717056
437391681286045696
453977596372451338
461878342128238602
319024344623742976
351263222336323594
758902114071609424
414047699860455424
898313067924979744
459669408206553088
199129238668836865
705665925252382771
172587633799593985
707570047580897290
561507049272246282
419682022139887647
182348178765512714
569102995879624719
750003191482941441
183208844401311744
478430876548726788
425586446884274177
860111672134991872
581872466004148266
390367026499026947
771697800153006081
902909406902100009
901471903666020413
904736577761194114
879358410380939294
905247580265541643
902912144025190510
562807349514076180
834503694967767141
843679103847628800
778892344418238475
900505451437899776
203340186275414017
906579052784123935
160978042519420929
695099400183349279
393486965661499402
900638374468136990
638559446884417547
906828571467710484
163913036027920384
902897275079131156
876355746504273960
181414224713482242
189608284494233601
906860009835618315
756518573958103102
897154952605077584
813421034128670771
901069606079328296
897488141005492274
902450164134989875
762621153054818326
664803519546785826
